.Random.seed <-
c(403L, 624L, 1993953334L, -2058487489L, -1369978252L, -603389211L, 
-1421741470L, 1870664315L, -587592832L, -1303333503L, -1722161842L, 
1122997623L, 1508424524L, -1943218211L, 1589384442L, 2124906035L, 
1807459800L, 1921500665L, 1639984486L, 915966127L, -3844316L, 
764910549L, -785999214L, 206909675L, 1688148784L, -1023789711L, 
210012286L, 1234023143L, -881525252L, -611242291L, 1634722602L, 
-1739847005L, -602813560L, -316808215L, 1231771286L, -1796213729L, 
1739263956L, -1013092155L, 345132738L, 904588123L, 107812576L, 
-966479519L, -1392183378L, -985912233L, 734457004L, 352076221L, 
-552321702L, -408112365L, -42574536L, 1471970777L, 1378732998L, 
-305448049L, -111938428L, -534150731L, 512233202L, 1789411787L, 
903806608L, 1963927889L, -1416744226L, -867040825L, -913733796L, 
-430108499L, 1124869002L, 1913681795L, -1530635544L, 1153602505L, 
-2061857546L, 2086756095L, -355793612L, 1493880485L, -1463100638L, 
1387541563L, -1792028096L, -1221026495L, 898841102L, -1696189641L, 
-299381236L, -1990026339L, -1585801798L, 511596531L, 764855448L, 
-296802887L, 301606L, -643211665L, 1155219940L, -2016389227L, 
-1377979566L, 804635307L, -1520791056L, -1797255887L, -1522070210L, 
47169703L, -1915961156L, -1283726707L, -415067158L, 633164899L, 
709401160L, 641807273L, 629076822L, 1817852383L, -1827689836L, 
969481349L, -1727817854L, 1309928731L, 1981431200L, 633633057L, 
-1315132306L, -609900009L, -144482452L, -2049448579L, 168238618L, 
-2108396333L, 334814200L, 1178058137L, -857958266L, -655691441L, 
-1816969404L, -1610343051L, 1983874994L, 1920316299L, 1441387856L, 
-2124095215L, -1639508066L, 1925115783L, -2070500836L, 2103813229L, 
942355530L, 1619697987L, -92894808L, 529646473L, 1915783606L, 
1905427647L, -405733388L, 1062230629L, 575964130L, 1279399419L, 
-2113644288L, -1358936831L, 1807306446L, -80572169L, 1238474956L, 
1658068829L, 147969658L, -1905856077L, 879272792L, -345094791L, 
1716373222L, -1505233873L, -1020007260L, -532884651L, 2059766802L, 
-463465365L, -698038096L, -1785355023L, 119951870L, -36204953L, 
-968932484L, 982668877L, -1411513174L, -340763101L, 254159112L, 
984367977L, -20492266L, 1958887327L, -1670970028L, 2132314181L, 
-1915379646L, 225881819L, 2110137440L, -337379103L, 2055282990L, 
-918231081L, -1815440852L, 885999933L, 435338970L, -638720365L, 
2127174328L, -437600935L, -974117562L, -663197937L, -592098812L, 
1005746485L, -897073038L, -739449525L, -1583125488L, 678058193L, 
477936734L, -506356409L, 387878108L, -1652950995L, 1148388618L, 
-1402565885L, -835749784L, -41372855L, -1428470154L, 983657087L, 
-1876313420L, 1251583525L, 815721634L, -303450181L, 439852992L, 
1902619841L, -1064557682L, 1905569463L, 799421324L, -868130019L, 
1166137146L, 404835187L, 1324433944L, -1180359367L, 828093350L, 
-499889681L, 361715556L, -493023467L, -2137119534L, 726935083L, 
511557488L, -1931805519L, -421374274L, -1201333209L, -410220996L, 
345278989L, -1878903446L, -1545263133L, 157972424L, 1780421417L, 
-1576768298L, 1676150111L, -831447020L, 793490437L, 1808296194L, 
-439144293L, -198128864L, -796702559L, -328051218L, 2077877655L, 
599557356L, -1247646467L, 529997722L, 406397011L, 1823873400L, 
1721072921L, 975729158L, 305372367L, -820374332L, 1068799221L, 
-1004488398L, 1892538123L, -1614036272L, 299864209L, 988750110L, 
2001341191L, 1407266716L, -900068371L, -1465674294L, -278645565L, 
-22075608L, -26778871L, 1541063478L, 1833832511L, -1902824076L, 
-156847643L, -1402333854L, -1989469829L, -1802918272L, -1775315839L, 
2026616910L, -875787145L, 577078860L, 963274461L, -934635526L, 
-982686413L, 200319192L, 1756611833L, -1108451226L, -1825677393L, 
-1767013852L, -89060651L, -936936046L, -963512341L, 1684370992L, 
40899697L, -1187308674L, 1882745319L, 611617020L, -1522369075L, 
879699498L, -937709149L, 1473611400L, -1269194007L, -1678358122L, 
-1349809377L, 871234260L, -1507680315L, 1805382082L, 149516891L, 
1880764896L, 1264734305L, -1406121298L, -1591434409L, -1980155988L, 
1544638653L, -340508582L, 653662739L, -864495560L, -1208484647L, 
-431653178L, 1809617551L, 631349124L, -150310731L, -875925006L, 
-354907957L, -1759323760L, -1518041007L, -832682530L, 1357396167L, 
-845245860L, 1204150189L, 1702684298L, -2092720509L, 716543464L, 
32363209L, 1911488502L, 1599632895L, 1305702452L, 2134343077L, 
779484706L, 814103355L, -407212736L, 1964358721L, -1724379890L, 
-1751504329L, 1691326732L, -569431395L, -1041491782L, 1611349747L, 
-1171865704L, -933616455L, 684051750L, 2130064751L, 1632529636L, 
1413006997L, 438408786L, 937003435L, 1323035888L, 1041558577L, 
-1292853186L, 588347303L, 1874283452L, 274477453L, -102443286L, 
-1844184221L, -114862776L, -652479831L, 962389590L, -1922248481L, 
-1751280236L, -10663035L, -2045756798L, 1752790043L, 1212307616L, 
-1807673311L, 511377262L, -1494933225L, 1765845612L, 1004270717L, 
252322074L, -1343958061L, 1288853240L, -1982710631L, 1191660422L, 
-1959573425L, 1527507524L, 1840516213L, 172288690L, -1546847605L, 
-1905741744L, 186204177L, 1804216990L, 1282156167L, -686377700L, 
427651949L, 1002370890L, -2117810109L, -1325218648L, -1478753655L, 
-1713898314L, 645962687L, -123442444L, -536082075L, 260220642L, 
-1258611461L, -896928768L, 635200513L, -426696242L, 582846455L, 
-106665012L, -1376801187L, 589715834L, 1908070579L, 1750310488L, 
1750615161L, 1319238118L, 726387503L, 1345460132L, -621526443L, 
-11768046L, -1058350229L, 1151411120L, 1200194545L, -926751490L, 
-1901050521L, 2081738364L, 966894925L, 19089322L, -74578653L, 
-1407196152L, 1478885993L, -2030550250L, -213133665L, -2076184492L, 
381400901L, 1944404802L, -1237109285L, -1821819040L, -1562402847L, 
1746039854L, -1160028457L, 609410348L, 683825213L, -631717414L, 
482692499L, 1552061880L, 1273248857L, -1725048762L, -705184241L, 
-1441204988L, 1869703221L, 1750082418L, -1117049781L, 1281181456L, 
710784977L, 1731383134L, 127259719L, -2096523300L, 54576941L, 
-1406547958L, -995642877L, -1336495256L, 1341256265L, 1079359862L, 
-1736015489L, 2043159988L, -723233499L, 1750077346L, -1467367749L, 
-1279771968L, -2143106111L, -443091314L, 2062984631L, -1549533556L, 
1556869661L, -1665574342L, 1144795763L, -449364712L, -1737612231L, 
-868030810L, -571531025L, -31948188L, 983793173L, -1066924078L, 
1669721387L, 1819613808L, -426910799L, -1351489090L, 819254055L, 
-1135800004L, -992814835L, 720009322L, -1102459165L, -276876600L, 
1899483689L, 1367891926L, -1763140513L, 1150618388L, -2013404411L, 
-1378153470L, 1678161819L, 676259360L, 788391841L, 1840687342L, 
-892904297L, -571486228L, -1232831491L, 1583358618L, -1755871405L, 
709465208L, 770571289L, -646372090L, 1911157711L, 227065796L, 
-2013101067L, -1901323214L, 426974731L, 1472241104L, -1424887919L, 
-703056866L, -534429177L, -1539884388L, -1999643923L, -142780214L, 
-441689149L, 124871208L, 435134985L, -1842858442L, 1261053759L, 
2080284788L, -645898011L, 295581794L, 1559371899L, -637189760L, 
470348673L, -620131506L, 1845855095L, -443657908L, 1583609309L, 
-1620763910L, -514896845L, -1080976424L, 1750844409L, -26700954L, 
-1667221841L, -977162972L, -553223723L, 1714708626L, -513098005L, 
-1390948048L, -1562250383L, -608326018L, 1195319527L, 1663046652L, 
363842765L, 402286890L, 1409767587L, 33898888L, 605118953L, 634207382L, 
-301784545L, -480451116L, -1360802107L, 1823577282L, -1551632037L, 
-1649193760L, -1336152223L, -735601234L, -2073486761L, 2027389612L, 
954359741L, 1809859418L, 156991763L, -1528343752L, 531594201L, 
-995544634L, 1154083215L, 1075530372L, 52912053L, -434580238L, 
1503973323L, -145574768L, -185211055L, -1929750306L, -203788345L, 
-849371812L, -303386963L, 511289738L, 1049806211L, 1427296488L, 
-443215415L, 2081387254L, -1809085185L, 1778899764L, 698363045L, 
-1540546270L, -470531525L, 875628608L, 1357830977L, -878125042L, 
-1985339081L, 35873804L, -428361315L, 1542036410L, 313796083L, 
1176681112L, -1478417479L, 30605350L, 757009519L, -1041393692L, 
-203606635L, -1183745710L, -1134997333L, -1387706384L, -1002058959L, 
